6807 5249
73 3658
8930 1272
7544 878
7923 7709
4440 8165
4492 3042
7987 2503
2327 1729
8840 2612
4303 3169
7709 7157
9560 933
3099 278
1816 5335
9097 7826
3512 9267
3810 7633
979 9149
6579 8821
1967 672
1393 9336
5485 1745
5228 4091
194 6357
5001 1153
6708 7944
5668 1490
8124 2196
9530 903
7722 4666
8549 8024
7801 6853
977 7408
8228 4933
298 8981
8635 8013
3865 9814
9063 4536
9425 1669
4115 94
5629 6501
6517 4195
105 404
9451 4298
2188 1123
9505 6882
6752 1566
6716 337
4438 3144
1501 4897
3871 5828
1137 9358
3177 2397
2294 7904
1609 6231
9745 4175
3635 6298
8142 399
7968 412
260 3557
1594 8008
6395 5968
9113 4530
1006 962
7942 5365
2082 9852
767 3821
5695 4712
3671 9901
8590 4831
4738 3057
1616 9790
5640 679
7335 7006
7972 6098
9095 5319
3454 5223
2289 6760
8905 6126
6123 9506
5813 6770
5238 9094
6220 7844
2366 534
5226 5394
1363 8738
7844 9590
6550 5159
8623 4947
7385 7217
5272 5539
9247 2385
3496 4885
623 2420
8144 1968
5735 9915
1625 3534
6042 6011
4679 4152
5244 7295
8818 396
7692 1815
2991 33
2669 9397
9553 547
5825 1210
9662 211
3808 3377
2761 625
7335 1868
7995 2776
2767 7439
9874 9331
556 6301
8872 560
94 8984
3755 9789
1407 8015
193 2769
5680 3455
6855 7506
963 3502
6676 3108
3249 2331
7844 7638
808 9997
8651 4849
5203 5731
6531 8014
5419 6775
2009 180
7929 5223
4054 8260
6737 1545
7317 7525
4200 4256
1564 597
6648 7704
5550 5150
1976 1412
8554 2797
2504 8381
4748 7065
9378 7699
8209 5129
8553 5483
447 4607
773 5322
4305 5176
53 7224
4630 366
5400 444
5370 285
3016 3898
8155 1133
5557 6576
3178 8266
7357 1711
7878 614
4819 5737
3133 591
3720 8762
6633 6197
6031 8588
589 4873
8877 7304
9358 1200
7254 8960
4915 3947
5480 7730
9955 4546
7107 1238
0 4926
5035 4857
1113 114
9593 1360
8354 8418
5357 2585
3729 1015
6563 6102
917 6643
9419 2967
7747 5269
5395 3303
4473 9103
1748 4385
5658 3459
5406 3930
9824 5132
973 9603
6897 7920
3950 5231
8480 203
3900 4520
2533 1258
7003 8676
950 3934
8780 9879
1832 2574
3549 4542
6249 2771
6310 5879
983 9970
2040 2723
3650 2971
3229 318
7746 299
7230 5621
776 124
8244 6958
7696 6771
9064 1560
6598 8751
9940 4503
9551 2801
7205 5080
418 9274
9649 413
3320 9025
2012 1783
4788 4117
4008 1550
5324 9195
1257 4511
5690 8666
2410 593
553 9565
960 8742
1403 4352
7307 6141
4910 3200
2799 3127
171 7787
4414 1625
6641 9517
5348 1842
4315 5974
1445 1373
2220 9911
9239 5054
1305 6929
2253 4189
5166 4356
9304 9860
5898 5592
1720 6116
1580 8867
9352 6939
8698 4901
811 6616
6891 8671
1728 6671
1661 7045
3120 240
7158 9453
9627 5350
3711 5563
9594 7533
1727 7827
8795 9531
7442 1516
5006 8515
6924 2601
7097 8661
7103 4324
108 4936
2281 7015
3710 3216
1905 5973
7781 2720
791 1169
7865 5827
9536 6728
7125 384
167 9949
476 6046
1576 8666
7467 520
7384 1991
5210 3258
8211 8744
9518 5718
1934 6825
767 8689
9818 3014
1825 2918
8028 3029
8034 6727
1240 3754
6540 8396
935 3083
8048 6865
7011 5252
3064 7876
7237 2675
245 2710
415 8192
4710 4747
3037 1299
8447 9715
1693 9579
7129 5164
3979 3501
5525 289
4958 4033
1800 5089
7670 5217
846 1038
9543 338
5936 3321
7719 6496
1247 3788
8359 5987
5035 5235
3912 5684
5989 3784
3734 2667
519 2615
7045 5976
6661 5825
2819 1631
2903 2698
6798 2639
4004 9503
679 8765
7391 4107
4924 4365
7121 4454
7106 7450
1703 832
1032 2141
1654 1977
2217 3900
7289 3465
4747 3622
9879 9317
1516 4048
2762 1029
9039 2708
5903 2657
761 5752
1466 8621
4557 6996
6955 6930
1494 5555
2221 9312
2293 1427
2232 7444
4791 2198
9152 4856
3570 4303
7439 2914
5799 6766
1835 1921
6043 2752
4086 9719
9150 8410
8623 4669
9605 9943
7311 2431
7992 9816
8699 6971
639 1370
5836 9891
2857 4833
3328 8177
4410 7683
5176 3489
2091 434
4711 6904
1026 4891
790 522
9364 6890
4884 6813
1441 7127
6179 5784
4537 9870
7561 2581
4165 5802
7732 7332
7854 9759
9847 2377
462 9010
3819 8150
3377 941
3836 6720
2299 6112
4759 9956
4390 6152
48 5014
9044 4918
150 101
1295 9821
5731 4501
8245 4961
6057 3510
3928 805
2173 2137
9669 9096
4503 7421
8675 8518
4300 6489
262 2054
8263 8643
4889 5250
6735 9415
1364 2494
963 7758
5652 5092
7316 6714
1420 8060
7450 3368
8741 1847
9196 4787
2501 8234
3128 571
7448 7875
7253 1871
9329 2293
3719 3471
8820 5764
1079 2630
4410 8080
6113 3342
8138 8382
6044 8828
8393 3575
980 9000
5596 5947
7370 6087
6543 2733
2852 261
6824 4400
2380 778
1857 3423
9498 7014
2845 1662
8509 6610
6849 9218
9290 5055
5743 8555
6385 6534
6275 7321
1151 1226
5251 4459
2783 6714
6437 7879
7698 4100
3137 4285
5878 8284
342 4915
5960 3067
5140 707
3566 728
562 6363
1969 2890
2623 2278
7313 5761
7010 4840
6978 6000
7394 4507
7656 6551
1786 3431
4544 739
8776 7584
4252 4108
5514 1454
5019 3028
6671 2370
6663 7947
4024 4543
6854 6008
4981 552
6288 8163
8359 1019
5379 5356
9461 8487
8353 3899
5788 4244
9880 2466
8283 5274
236 8909
8567 1834
7939 9684
9651 9549
9266 7467
110 9589
6327 7773
5581 9295
7936 7874
5435 8231
6972 3028
9798 9070
4587 6297
9089 2646
9090 8111
6612 7463
2112 3781
1951 9230
3321 3213
5128 1950
8600 8959
9754 9992
5194 3330
8632 3559
8777 7779
8632 3272
6383 9081
7153 2622
8521 7956
9818 5591
6900 196
4120 2704
3599 7129
7144 9175
870 8416
4599 7080
4618 4288
9452 8128
2800 7662
4840 9149
6385 6583
4515 659
4878 5959
8561 8382
8048 4054
9440 1381
8770 2028
251 7544
5869 7595
2469 2710
8172 5923
2125 6219
8850 1431
1243 7846
5869 6670
1394 4610
6392 1064
9524 9361
9519 3620
1562 1661
3725 9434
5949 2090
7322 6260
93 9928
5122 6381
6366 6468
1023 2722
6639 3517
8793 9364
9178 1956
6771 8341
1355 836
8489 9728
7120 4902
312 9616
3347 3946
2851 2672
5811 6523
1736 2605
9607 633
7866 1553
1412 7925
4040 9153
4257 1733
8295 8139
2251 1258
2694 4160
1138 9929
9875 4598
4292 5633
4562 3276
3236 646
3873 9464
7484 2192
4119 3842
9328 8859
262 4145
5716 7127
2172 8748
4000 4370
1398 1292
9545 8928
2300 2143
2192 3563
4783 4272
9801 4009
6221 4486
4513 5769
2531 5357
5819 9486
6856 9816
4254 9754
9814 2615
6537 2966
7297 8877
5760 7412
191 8231
4174 2463
4877 324
4784 7833
6750 9527
4999 7429
9609 2144
5364 2451
2812 1979
4134 2407
3583 7600
4259 8310
753 5891
9321 3225
5253 3929
6096 553
661 4858
7491 2963
2920 768
1687 6526
5472 5219
5641 8204
2951 8092
8445 1370
9474 1962
6176 5317
5826 8413
3344 2571
5979 1035
8129 7288
9848 978
5617 7723
7838 9508
8929 4926
9968 1806
5199 2255
9829 3276
3488 7896
2819 1864
1137 2416
318 4491
683 8398
1120 9748
9961 5651
1018 5977
9946 8661
1478 2228
5063 5235
1506 1308
8968 5679
4119 7323
9677 9392
8953 6978
1853 9295
8271 8475
204 6962
8032 8819
3531 4035
9468 2468
2610 234
7270 6778
6265 9045
3279 9075
5327 2687
5363 9037
5766 4534
3083 8675
6184 9555
4156 7399
3664 2093
7886 633
4924 8047
194 1330
6767 5665
6910 1682
6805 6314
9652 6241
3585 7591
7806 4760
7960 912
403 3430
1085 4200
8585 4467
484 3988
5200 5686
100 5495
8199 1102
4428 7183
3917 7136
7802 4489
6578 9725
789 6722
595 605
2319 8691
721 7774
8514 9862
5706 1283
4626 6419
3801 4330
7644 2375
3258 1462
3131 6736
720 8308
1024 6947
508 8411
9397 6000
8314 1896
3999 5645
2533 4962
539 3754
8821 4286
6536 10
4662 8173
4493 6635
4988 4571
6838 4821
4891 8413
560 9957
4092 8743
9775 2768
413 415
6636 9891
3347 4369
4832 4134
8928 5143
879 906
9054 5807
2537 5203
4421 7447
1034 1949
9416 7759
1938 8550
5183 2186
1096 9685
524 7922
363 9181
3012 3251
2202 5495
1536 3454
2208 6980
8031 830
2095 6714
3112 2136
9937 2009
5685 2919
4381 9610
9908 1609
9439 2867
6119 1266
4999 4520
4515 2577
9922 7142
3980 5881
6885 30
6325 2436
6994 3945
2602 3233
8480 3456
2834 6517
8881 8781
3458 2805
4992 4160
8651 6201
8542 3944
9635 7555
1872 7443
7322 7013
8441 4781
5779 9518
7160 1729
4955 9082
9364 3032
9313 9195
4328 2504
9855 7711
3881 1610
9904 2551
7616 6761
8864 5405
2122 5113
4943 8636
5118 2994
2188 3743
7639 4502
343 5070
6219 8212
3317 9932
7782 4097
7859 7073
5590 4819
4010 911
3015 4978
8542 6045
8270 562
3008 3983
1099 709
8213 8550
2951 4665
3502 1617
4953 5299
7916 7584
1869 7442
3503 1515
4329 7257
3382 264
9352 5154
2526 6027
8755 9259
2952 7386
7422 9129
3786 5549
1879 9198
8890 8603
4686 2443
8827 3585
198 8587
817 4031
3476 7461
1563 214
6383 6832
9722 5511
2791 2871
6142 4733
1553 8030
2380 8704
4915 8887
7110 6681
1558 8786
1433 4040
2659 1936
7562 6938
9754 4526
3526 9712
7595 8621
1177 341
9158 3054
6020 7197
4727 2451
9462 332
2937 804
6057 4405
907 9943
4258 6539
7343 3697
2281 2965
1457 5605
117 8412
5624 184
1459 299
2216 4740
6851 7846
2922 6893
8615 8049
1361 3649
7231 7796
6123 696
7444 5250
6238 2431
9359 5935
1265 7801
8387 2437
3948 5120
5424 3894
2775 7903
4989 6286
845 4143
7257 6332
3261 5578
7104 4202
7031 8220
4686 8630
8643 2367
5648 3844
7317 9749
125 1273
7863 5416
6680 5348
979 957
6814 2705
2189 3307
4905 4527
3614 3715
9308 8897
9449 7495
6029 9026
7866 4398
8985 6662
7518 8853
579 6203
3383 723
559 3221
1174 9034
2675 702
9436 3279
2915 4750
3013 8850
2492 2948
4083 2981
5847 3208
2706 178
2306 8267
4114 3910
4470 7358
8617 4946
2304 7656
9663 3637
9898 1734
8656 8508
3012 9113
6280 6724
9104 4613
2073 9962
2979 4377
8269 1147
5631 9753
5633 8739
2520 1194
7597 9424
6871 4958
3320 8948
8018 7401
517 6392
2613 3580
1356 7940
8594 3868
5670 2463
1649 5134
6425 9871
1891 5650
1217 10
2654 6525
3901 5494
6392 8034
4970 2546
6187 6121
1565 3589
2971 4865
1160 2110
775 8109
9694 3323
1534 8474
4414 5494
423 6875
3077 1357
5627 5222
5574 172
8839 4039
8183 4417
530 3890
2606 4896
2012 5895
1938 7516
5321 9684
9227 5578
4460 1972
3487 3635
1581 526
9194 2030
1295 9258
3419 2212
3443 2312
8706 6628
6593 3926
1226 2726
2733 2981
5296 9392
8061 9009
1377 6124
522 4240
1052 7815
5180 1292
7151 6052
4973 4677
417 7626
2465 6261
2739 849
5007 7719
2430 376
7825 3581
8327 8659
3497 1193
8225 4829
8822 1348
2553 879
9468 6227
7424 6431
4277 6406
500 1272
1601 3930
698 9077
4549 7294
7127 3652
59 9577
4670 8151
7224 7084
5020 5015
5219 4177
8695 6895
5664 5600
5118 5117
3723 1617
3754 9568
8587 4575
4913 8122
4157 716
582 142
962 8008
8440 7305
1170 7406
5201 8719
1620 2962
317 7135
1752 894
3235 4610
831 4363
1851 3847
5451 1110
5549 9447
6234 1748
9223 8088
6771 932
8959 7256
5345 4702
9723 2889
1819 7494
4886 7107
7392 2500
4946 5401
9365 2744
2756 4474
7917 5775
3695 2866
6864 6491
791 9940
3756 4059
9897 8097
5309 5563
6022 9085
6899 3519
1720 7392
148 4053
5776 2876
6833 3797
5193 2903
8008 4374
6766 6303
6630 7581
9186 3725
7669 6425
5158 3185
2399 5421
3114 260
5056 4872
53 3853
5775 4581
9555 6162
5048 2745
9452 470
1631 8400
2263 9547
8919 7370
8201 3959
8582 1579
8996 6029
3501 7656
930 5581
6420 6362
2151 4045
3170 8454
5157 5093
8015 9808
3861 3966
1173 1878
3086 7030
3052 8026
4379 9710
3432 1951
5772 3301
187 8879
5608 7537
7036 6202
8478 7123
4088 2574
4509 3596
5123 8762
8123 7846
3879 4155
1674 8722
1431 8657
4971 6579
6194 527
4656 6036
8216 8347
6813 6584
257 5860
1557 2600
1236 1513
7533 6475
8910 6162
3266 3806
5108 7507
2173 7537
7896 55
3224 4466
5408 6833
9561 557
3571 6576
6114 5914
1289 5735
1859 2638
8694 8460
2927 8343
842 8455
2121 5711
3580 1612
8809 5690
5483 1545
8438 2434
938 2764
6481 2840
4550 118
1175 3598
8274 687
8842 5588
9820 7782
9805 4734
9220 8046
7903 4620
8850 6975
5362 2342
7070 2438
9142 8115
4735 7177
8734 2267
9874 7580
7390 696
3006 5881
6043 2272
1355 3638
1975 620
7375 1986
8197 9305
537 2595
4783 5495
176 8883
5082 9827
9151 2599
5305 8951
6377 4006
3790 9595
8396 3661
8231 2725
606 4379
470 4024
1357 9122
4053 1473
5280 4503
5083 5934
2582 9857
9563 8041
4637 7829
4687 2786
9951 6094
1622 9630
9630 3154
1506 3219
4717 6483
9139 5913
1692 639
6144 68
8083 6429
1865 9805
3387 940
2287 9197
6679 9568
363 8900
7999 1447
1501 4488
7205 320
6244 3572
3076 7430
9319 8969
2988 1629
6152 1132
4558 8607
1681 4562
3216 4409
9245 7548
3685 3708
813 2867
8105 9614
9654 6335
8470 6163
3979 6958
39 4059
9945 8523
3748 2744
5177 6737
7491 9042
498 9777
2004 4382
5556 175
